42
65
226
295
361
471
550
633
732
772
920
1186
1417
1484
1522
1681
1711
1796
1863
1914
1932
2227
2231
2292
2307
2492
2540
2592
2802
2842
2855
2946
2956
3033
3037
3087
3183
3292
3414
3418
3446
3463
3500
3561
3676
3701
3808
3818
3943
4033
4038
4133
4339
4392
4743
4895
4912
4958
5498
5585
5791
5947
6000
6048
6203
6253
6263
6287
6375
6438
6515
6546
6607
6665
6759
7112
7138
7417
7456
7496
7652
7685
7815
8048
8248
8272
8278
8432
8498
8626
8736
8890
9095
9434
9459
9480
9582
9599
9609
9663
9723
9805
9928
10023
10148
10265
10561
10592
10593
10630
10977
11034
11123
11159
11441
11546
11598
11599
11755
11873
11919
11941
11947
12060
12151
12185
12266
12483
12660
12727
12853
12990
13192
13193
13197
13237
13387
13630
13836
13839
14069
14113
14120
14172
14227
14430
14581
14617
14761
14786
15052
15054
15215
15477
15614
15617
15638
15646
16151
16298
16347
16421
16494
16546
16576
16824
16865
16911
17012
17213
17226
17282
17306
17330
17348
17403
17477
17615
17688
18050
18071
18090
18165
18175
18261
18750
18920
19009
19053
19145
19183
19222
19244
19301
19366
19531
19553
19709
19739
19850
19904
20042
20198
20242
20243
20341
20354
20521
20539
20544
20705
20805
20955
21010
21036
21402
21433
21599
21643
21644
21818
21822
22021
22042
22082
22231
22329
22388
22417
22545
22672
22682
22725
22743
22792
22877
22995
23287
23947
23975
24082
24132
24206
24248
24256
24424
24568
24594
24683
24745
24774
24791
24819
24908
24917
24997
25089
25333
25448
25467
25558
25704
25733
25762
25805
25989
25998
26024
26030
26133
26136
26469
26542
26614
26803
26809
26814
26950
27135
27153
27175
27402
27464
27500
27568
27780
27793
27912
27932
28218
28545
28689
28731
28731
28745
28748
28869
28924
28997
29014
29029
29087
29089
29311
29470
29527
29928
30042
30180
30219
30276
30306
30566
30567
30650
30715
30883
30909
31058
31083
31133
31164
31245
31393
31659
31854
31856
32096
32136
32144
32276
32294
32346
32392
32426
32552
32607
32652
32676
32768
32768
32837
32903
33149
33261
33313
33421
33588
33599
33666
33725
33933
33938
34062
34162
34184
34203
34205
34278
34341
34438
34441
34520
34846
34880
35099
35157
35463
35480
35491
35529
35666
35694
35754
35859
36002
36009
36051
36100
36101
36157
36165
36191
36222
36240
36285
36296
36398
36414
36440
36647
36675
36685
36697
36743
36761
36968
36982
37167
37216
37280
37419
37629
37911
38099
38184
38501
38547
38554
38570
38577
39039
39049
39059
39092
39425
39463
39483
39506
39517
39523
39734
39734
39763
39805
39868
39874
39978
40137
40229
40389
40443
40472
40526
40561
40680
40712
40846
40963
41031
41054
41198
41257
41328
41560
41578
41593
41600
41719
41863
41889
41959
42082
42188
42336
42383
42445
42513
42616
42620
42856
42928
42929
43016
43033
43204
43244
43266
43425
43648
43689
44043
44402
44409
44611
44711
44765
44768
44899
45126
45301
45535
45639
45656
45732
45820
45899
46107
46125
46227
46281
46450
46606
46980
47014
47058
47070
47085
47198
47228
47574
47809
48019
48126
48138
48177
48412
48655
48841
48852
48948
48962
49146
49340
49421
49458
49543
49756
49892
49904
49963
50320
50396
50481
50562
50639
50648
50674
50745
50806
50835
50944
51108
51113
51245
51286
51289
51385
51451
51544
51585
51600
51626
51637
51680
51863
51966
52026
52381
52653
52671
52723
53234
53338
53345
53497
53578
53742
53871
53875
53934
54019
54148
54369
54674
54732
54736
54769
54895
55058
55077
55257
55544
55629
55721
56080
56082
56212
56256
56308
56469
56543
56552
56746
56778
56880
56938
57015
57120
57140
57198
57323
57329
57445
57693
57755
57885
57938
58013
58241
58389
58786
58871
58968
58983
59048
59077
59159
59185
59350
59398
59474
59540
59556
59587
59630
59655
59872
60110
60490
60546
60619
60642
60687
60720
60837
60991
61031
61055
61127
61411
61423
61695
61814
62160
62342
62469
62836
63163
63227
63373
63460
63601
63699
63841
64007
64083
64149
64170
64215
64240
64259
64448
64507
64595
64801
64937
65024
65150
65339
65446
65497
65609
65620
65928
66039
66128
66220
66345
66555
66664
66682
66850
66972
67087
67202
67217
67269
67279
67407
67444
68471
68619
68661
68900
68919
68952
68968
69001
69194
69217
69275
69486
69627
69693
69713
69946
70150
70182
70219
70439
70443
70706
70795
70912
70995
71035
71045
71097
71267
71347
71407
71853
71945
72092
72179
72180
72188
72273
72379
72438
72805
72838
72864
72986
73124
73151
73279
73406
73455
73507
73592
73639
73641
73849
73987
74308
74309
74343
74346
74575
74604
74674
74697
74728
74851
75163
75198
75319
75387
75406
75546
75566
75570
75609
75654
75789
75855
75864
75904
75946
75998
76016
76358
76362
76477
76488
76520
76614
76681
76696
76762
76909
77303
77401
77430
77579
77785
77819
77953
78016
78175
78427
78667
78876
78909
79069
79269
79567
79594
79679
79734
79841
79844
79906
80067
80173
80198
80206
80213
80240
80314
80382
80638
81108
81197
81205
81208
81224
81258
81529
81690
81721
81816
81843
82029
82054
82091
82127
82157
82172
82303
82358
82466
82498
82549
82714
82715
82719
82763
82991
83268
83350
83352
83507
83530
83677
83880
83926
84187
84390
84392
84756
84815
84842
84912
84946
85243
85339
85442
85538
85585
85638
85643
85778
85873
85952
86094
86132
86147
86187
86252
86338
86838
86901
87076
87239
87389
87552
87767
87798
88163
88257
88524
88580
88758
88835
88837
88882
89238
89459
89509
89754
89757
89778
89794
89822
89855
89898
89902
90007
90047
90072
90292
90407
90532
90564
90652
90695
90731
90808
91024
91256
91381
91397
91703
91717
91788
91823
91857
91970
92282
92283
92446
92461
92474
92616
92714
92751
92832
92872
92905
92906
93284
93301
93312
93419
93422
93424
93686
93966
94078
94241
94292
94312
94330
94411
94437
94458
94460
94542
94585
94590
95085
95105
95132
95144
95182
95293
95349
95434
95644
95839
95891
96115
96201
96304
96387
96388
96422
96516
96523
96785
96804
96824
96833
96853
96856
96897
96926
96988
97131
97301
97323
97396
97404
97610
97672
97875
98288
98376
98473
98487
98690
98695
98793
98834
99032
99088
99107
99231
99533
99536
99696
99704
99750
99755
99862
99925
99935
