16911
47809
96824
7138
79841
61695
11599
94292
12483
99231
64240
61814
5498
15054
62469
96897
68900
66128
80638
32276
85339
17282
33725
3701
9095
71267
22329
47014
33588
92872
36165
66850
40680
49340
73987
20521
11034
85585
31164
39868
84815
11755
1681
6665
26809
64149
3561
12060
30276
550
60687
15614
34184
94411
35666
59630
82029
74346
22995
15617
67217
59159
82466
24248
8498
72805
44768
19531
58389
92283
59398
59556
4038
77430
66220
47198
41578
86132
75609
71853
3033
36296
3818
37216
47058
39483
13197
29087
30180
36191
61055
97396
95349
59872
21643
20198
32676
82763
56080
7417
91397
15477
66972
95434
92906
49543
58983
50835
52026
50944
39039
55058
87239
42856
8626
50648
98690
21822
79734
28869
58013
57140
42616
69713
17012
64259
6263
66039
63373
62342
73455
54769
77819
56778
66555
87076
22672
41889
37911
74697
92832
93301
46107
96422
36157
54732
47070
34846
92905
26803
80067
67269
295
22682
36982
17306
3292
43244
99696
66664
5585
73151
21433
99755
29928
4339
3183
68952
46227
57445
43648
39059
50745
89754
35480
86901
60837
82549
38099
53742
25704
18165
21010
25998
57198
74343
59655
60490
33938
59350
27153
39523
48852
64937
55629
95132
69275
75163
64083
31854
32607
24082
70912
99704
13836
22743
2956
91024
21644
41054
44765
63699
75570
82127
6048
32768
56469
82054
9609
90407
57755
36761
46281
6607
18050
18261
18090
3676
93424
82172
35529
26030
6253
22792
25733
36440
45535
28689
27464
83530
86094
88580
47228
78016
70706
69627
27135
27175
51680
36743
33933
9434
89855
80213
32392
24256
98473
50481
27932
8248
32652
63460
34278
55257
86252
76362
8048
48138
21402
51863
48019
7496
40443
11598
1863
27500
81224
28997
54674
32903
82091
4958
42336
71945
1522
74728
96201
16347
41560
24132
24594
90564
3943
58871
45820
6546
51585
70219
71035
72986
22082
19053
96833
78876
30650
98695
6375
11873
44043
77401
61127
26133
82358
3463
14430
83880
94542
10630
226
36101
51113
24819
43016
71407
42
88835
77953
51626
75406
65339
40963
13839
84392
54148
92714
31393
69194
99088
43266
13237
76488
4392
55721
75198
24206
70150
59077
35099
97131
75654
87552
64595
16824
30567
36002
16865
35754
30306
84842
11159
95644
25805
24997
96387
96304
34062
27780
65497
33149
71045
95085
25989
91788
50806
1186
32346
20955
76614
67444
34438
68619
71347
99032
85442
1914
51385
2307
54019
81690
3500
81529
93686
45656
22877
90072
41959
56938
34203
7456
6438
21599
2540
32426
13387
53345
49963
45732
90652
42928
29527
25089
11546
17226
40472
96988
35491
91857
15646
89509
89898
19145
87389
99935
64801
10265
90007
6759
67202
40561
30566
73639
62160
49458
22417
75546
2802
72379
37629
9805
31659
83507
51245
43204
732
91717
56543
36222
99925
72188
42082
89822
7685
29470
89757
88837
39734
96115
11947
23287
36675
42513
96926
98834
91970
35694
90731
11123
24424
44711
37280
56082
28218
88524
15638
45301
80240
72180
97875
96516
60720
56308
86338
84756
85778
92446
73592
41863
4912
85538
65150
57938
44402
78427
73124
52723
14120
80206
80198
54895
24917
17477
10977
69486
6000
26614
14786
2592
98793
12660
99107
75864
68968
1796
60619
71097
10593
50562
29311
31856
36100
94460
89794
96853
89238
79269
65928
19709
59474
46125
74604
84390
63601
1932
53875
85952
28545
68661
4895
43689
97672
20354
19553
82991
38501
96523
70439
65446
47085
99750
97301
99536
10561
3446
96388
16151
82714
78667
35859
42188
24791
26814
42929
4743
28745
96804
90695
73641
81816
11941
17330
95839
32294
53234
95182
70795
49756
65620
36240
13192
81721
49892
12727
92282
53338
25467
8432
36051
4133
60642
94590
28924
3808
53871
33666
32552
50674
40712
22545
48841
52653
39874
61031
84946
9459
56212
72092
75566
38184
24683
88758
19904
74575
1484
12185
27912
26950
36968
80314
31083
97610
91256
76358
1417
45126
10023
50320
12151
67087
72864
60991
19739
29089
22021
21036
38547
94585
9480
14113
32768
34162
19222
52671
8736
20705
81208
36647
64007
18175
33313
11441
32136
24568
87798
49904
69693
14172
16576
81843
81258
5791
59185
17348
34880
81205
54736
89778
75789
64215
20242
24908
98376
39463
77579
7112
76520
58786
60110
40526
93312
93422
51966
25448
34341
39763
91703
4033
53934
8278
2227
51544
14069
61411
85243
48948
58968
39978
55077
51108
20544
75319
76016
18920
31133
69946
42383
7652
28731
2492
48177
22042
12266
16494
63841
46606
56256
55544
50639
26542
80173
69217
94437
94241
46980
79679
59540
5947
36009
14617
73406
56552
6287
49421
91823
37419
19366
34205
61423
64448
36697
9599
2842
48962
42445
66682
11919
15052
38577
78909
41593
18750
48126
52381
12990
95105
48412
88882
17403
772
19850
90808
57323
26136
40229
49146
79906
75946
83350
41328
56746
36398
67279
59587
1711
9723
42620
13630
24774
81197
8890
82719
16298
57015
51451
45639
68471
99862
34520
85873
633
54369
76681
74308
96856
33261
39805
76762
25558
39506
34441
82303
75904
18071
58241
93966
27793
17213
23947
68919
14761
32837
51637
31058
6203
3087
76696
74674
19301
27568
60546
36285
98288
53578
10592
95144
86838
50396
88257
28748
89902
39049
27402
82157
57120
85643
92474
84912
2855
16421
70182
17615
65609
21818
65024
88163
41257
41719
62836
76909
85638
39734
13193
83926
9663
40137
79069
12853
90532
83677
41600
96785
22725
69001
95293
79844
70995
87767
81108
73849
20539
51289
7815
86147
89459
72838
74309
30715
30909
53497
23975
16546
9582
37167
471
19244
77303
95891
32096
84187
79567
90047
97323
2292
59048
92616
98487
30042
80382
79594
20243
920
30883
44409
3418
20341
33599
94078
67407
64507
47574
91381
97404
73507
44899
14227
92751
38554
26469
41198
39092
22388
31245
36414
41031
90292
29029
39517
36685
25762
35463
73279
43033
66345
17688
46450
3037
51286
56880
70443
32144
20805
78175
45899
94312
39425
76477
3414
94330
2946
44611
33421
25333
75855
86187
82715
82498
15215
22231
19183
57329
57693
92461
361
40389
10148
63163
43425
77785
20042
30219
9928
40846
24745
72179
35157
64170
48655
38570
74851
51600
99533
8272
93284
75387
94458
75998
57885
26024
14581
93419
83352
72273
2231
65
29014
28731
63227
72438
6515
83268
19009
